 -28   75 0.00
 -56   91 0.00
-171  146 0.00
 350  101 0.00
  58   29 0.00
 417   58 0.00
-362  245 0.00
-121  148 0.00
  17   66 0.00
 305  110 0.00
  74   25 2.11
 -62  109 1.83
 -44  103 1.51
 -10   81 2.70
  16   59 1.44
  29   62 1.66
 370   89 2.02
  78   17 0.28
  -4   71 2.52
-135  142 1.98
 141  186 1.61
 -54   93 1.58
   5   58 3.35
  56   35 2.12
 -57   92 1.37
 -26   89 1.61
 -92  131 2.02
  49   34 0.97
 432   43 2.96
 406   69 2.45
 469   30 3.22
  25   42 1.79
-239  206 1.71
 359  104 2.63
-134  149 2.24
 -28   91 2.38
 -14   85 1.64
 384   71 2.23
  -9   76 2.10
  32   51 3.19
 432   55 1.78
 403   56 1.78
 288  131 2.54
 -51  102 2.50
  31   44 1.50
-163  154 3.44
 399   64 2.20
 -10   89 2.82
 323   88 2.75
  37   42 3.00
 324  103 1.94
 -93  136 2.99
  48   51 2.29
 -27   66 2.72
 403   84 2.01
-178  193 2.45
 483   16 3.41
 -53   84 2.76
 371   76 1.37
 -76  131 2.84
 289  150 2.26
 298  141 3.43
 257  150 1.99
  68   27 1.82
 408   71 3.71
-459  382 2.54
 -86  129 2.85
-286  253 3.68
 440   47 2.93
 -27  102 3.71
 254  169 3.05
-255  242 2.27
-151  166 2.96
   0   83 2.95
-104  131 2.36
 -80  103 2.25
 -58  117 3.14
 -15   78 2.90
  -2   73 2.40
 128  267 2.38
 377   86 2.50
 360   87 2.34
 -57   64 4.24
 153  226 2.93
 378  113 2.67
  75   24 4.17
 407   64 2.00
  94  257 2.45
-202  201 2.81
-135  174 3.50
  16   63 4.24
 358  121 2.63
 464   35 2.50
 -51  110 2.67
 222  209 2.85
 -33   68 2.12
 112  279 2.86
 434   57 3.16
-262  265 3.13
 -22   81 1.79
 -64   75 2.21
 -17   84 2.57
-104  119 2.36
  45   38 4.10
 458   33 1.56
 438   53 3.49
 263  168 2.68
 -11   90 3.71
-168   91 2.06
-227  222 2.53
   7   64 2.50
  38   53 2.66
 424   63 1.99
 -80  127 3.16
-118  173 3.18
  37   42 2.30
 314  125 2.85
  82   17 1.23
-237  260 2.80
  -2   53 2.22
 405   78 3.29
 -83  130 2.97
 242  181 3.23
-219  142 2.37
 -86  149 2.42
 412   67 3.05
-168  131 2.73
  73   30 2.64
 441   54 2.03
  54   25 2.75
 -24  115 2.04
 -13   76 3.42
 306  145 2.31
  54   33 3.57
  -3   82 3.35
 422   61 3.35
 -98   73 2.63
  50   37 2.88
 -66  137 2.04
 455   32 3.42
  77   22 1.04
 298   61 2.65
-686  500 2.75
 412   79 3.08
 458   33 2.58
 -56  119 2.40
  -7   86 3.05
 379   88 2.14
 -63   66 2.58
 486   13 1.58
-145  188 2.86
  -8   91 2.54
  30   69 2.16
 428   63 2.80
 383   80 3.24
 146  145 3.10
  60   23 1.37
-184  219 3.41
 -25   92 3.20
  48   43 5.46
 344  119 1.95
  64   27 2.85
 449   22 2.62
 395   68 3.57
 479   24 3.34
-154  165 2.95
 286   69 2.66
 -81   92 3.15
 439   56 2.84
  33   66 3.50
 470   21 4.14
 458   37 1.67
  92   11 3.92
  59   28 2.38
  -2   85 3.01
  88   11 5.90
  62   33 4.33
  -2   77 3.62
 420   79 2.85
  -5   80 3.15
 -42   57 2.94
  86   13 1.38
-268  191 3.60
 474   25 1.94
 -14   77 2.47
 462   41 2.64
 319  152 2.04
-237  180 2.89
-152  139 2.90
 443   24 2.61
 412   35 2.79
 365  114 4.13
 403   68 2.82
 -10  105 3.11
  53   46 2.24
  64   35 3.66
-269  148 2.90
-770  500 3.34
  65   34 3.27
-111   78 2.82
-114  177 2.45
-143  202 3.36
  33   58 2.98
 491    8 2.82
 462   29 3.18
 467   32 2.96
  34   53 3.94
  79   24 1.60
  32   59 3.10
-653  296 3.28
 -57  120 3.60
 362  117 3.68
-256  279 3.31
 391   60 2.44
   8   75 2.87
  42   53 3.21
  83   16 5.19
  -6  101 4.36
  78   17 4.28
 480   19 5.31
  81   22 1.64
 422   77 3.42
 -17  424 4.05
  12   27 2.24
 485   18 3.49
  24   71 3.06
 -83  158 4.01
 396   43 2.44
  92   11 3.59
 321   74 4.12
-421  352 3.60
 -47   50 3.11
  83   16 4.57
 -13   48 4.61
  -9   32 4.52
   5   86 3.83
 141  286 3.47
  53   34 4.17
  23   56 4.06
  29   30 2.51
 -44   75 2.96
-254  101 2.88
  58   17 3.21
  57   42 3.51
  87   16 3.34
 310   57 3.03
-304  195 3.49
 295  192 3.78
-251  290 3.42
  71   32 3.00
  53   42 3.50
 -44   95 2.85
-191  222 3.86
 454   37 3.49
 484   15 2.94
   5   74 4.72
   4   91 2.87
 293  114 3.84
 464   39 2.98
 -99  486 3.83
 497    6 1.25
  87   16 3.19
  75   24 2.10
 279   84 4.05
  64   15 6.00
-356  391 4.22
 407   52 3.59
 477   26 2.17
  44   39 2.87
-364  119 4.47
 462   33 3.46
 -78   97 4.43
 -45   96 4.11
  -4   99 3.56
-160  195 3.91
  71   28 3.60
-102  161 4.19
 -10  105 3.80
 455   44 3.61
  82   13 5.22
 -19  102 4.42
 481   10 7.48
 221  238 4.70
  54   41 6.17
 -14   33 4.64
 -93  164 4.35
  62   29 5.64
 -30  113 4.72
 467   28 4.83
  46   41 4.46
 -86  177 5.13
 -67  150 4.51
 482   17 3.35
  30   65 4.43
 482   17 6.94
  59   16 5.34
-103  114 4.92
 165   90 3.67
  59   24 5.15
  44   47 5.24
 202   89 4.26
 471   28 3.62
   7   76 4.82
  91   12 4.55
  54   49 3.55
  56   35 3.62
  74   29 3.88
 -37  120 4.19
  90   13 3.86
  11   84 3.42
 -36   63 4.35
 367  108 5.15
 432   31 4.64
 488   15 4.00
  30   69 4.85
-306  349 4.70
  21   70 4.76
 492   11 2.93
 215  108 4.90
  87   12 3.07
 432   55 4.06
-165  132 3.79
 325  162 4.97
 -35  106 4.35
  98    5 6.24
 260  211 5.07
 434   53 5.59
 435   52 4.89
-216  107 5.98
  37   54 6.15
  12   47 5.11
 -32   87 4.29
  84   15 5.43
  85   18 5.22
  82  197 5.02
  71   28 6.86
 498    5 4.42
 270  197 5.22
  96    7 4.69
  59   32 5.08
-362  421 5.13
 -56  135 5.27
 -86  177 4.86
  44   55 5.38
 419   80 5.23
-278   97 5.37
  82   17 4.76
  54   49 4.32
-1582  500 5.08
 315   48 5.31
 -44  135 5.72
-115   54 5.33
 -37  112 4.22
 475   28 4.09
  71   24 5.97
  57   42 4.23
 326   45 4.86
 243  240 5.54
   8   83 5.04
 451   36 4.88
-550  500 5.14
  26   69 4.13
-367  422 5.47
 -25   40 5.02
  29   50 4.85
-105  196 4.91
 386  113 5.68
 485   18 7.92
 194   73 4.94
  58   45 4.73
  50  197 5.66
-166  161 5.13
-214  289 4.64
 441   58 4.83
  70   29 4.06
  17   82 4.90
-562  500 5.24
-534  500 4.44
 269  130 4.90
-211  290 4.01
 -61   52 4.42
 -38  121 4.36
 124  111 3.46
 215  280 4.25
-367  110 3.66
 391  108 4.08
 236  243 3.74
  -2  101 4.52
  78   21 4.83
  87   16 3.50
 472   31 3.53
 159  148 3.59
  43   60 5.19
  -9   84 4.39
  18   81 4.22
-128  219 4.17
 277  198 4.29
 441   58 5.10
-126  121 4.49
   6   97 3.86
-526  500 4.08
  23   20 4.59
  66   37 4.53
 -90   45 4.02
 425   58 3.75
-100  179 4.47
-286  361 4.13
 278  157 4.25
 236  259 3.83
 297  130 3.59
-291  354 4.08
  39   60 3.37
  56   47 5.16
  49   54 4.76
-566  237 3.95
 416   79 4.69
 231  256 4.01
-300  379 4.20
-193  260 3.74
-543  500 3.71
  36   19 3.77
  64   15 4.00
 341  162 3.96
 -52  147 4.28
-103  174 3.61
  73  410 3.69
-325  252 3.81
-173  272 3.80
  12   83 3.61
 355  104 3.41
 340   83 4.29
-286   89 3.80
 262  233 3.38
-590  500 3.78
  16  459 3.36
-338  285 3.30
  93   10 4.74
  63   36 3.78
-546  500 3.32
-178  401 3.30
-603  258 3.38
-547  500 3.00
 148  331 2.78
-166  205 2.93
-527  500 2.98
-543  500 2.53
  88  395 2.64
 -58   45 2.38
-530  500 2.93
-198  289 2.34
 -95  190 2.59
  78   25 2.97
-197  280 2.75
 -59  146 2.48
 -39  142 2.47
-397  468 2.31
  83  288 2.42
 -68   71 2.09
 -10  109 2.27
-539  500 2.10
 -97   68 2.41
-556  500 2.15
-539  500 2.12
-538  500 2.15
   8  387 1.93
-322  397 2.15
-518  500 1.82
 217  278 1.87
-530  500 1.87
-166  261 1.97
-1915  500 1.91
  23  252 1.76
 426   73 1.57
-112  183 1.62
 -18  117 2.24
-544  500 1.54
-536  500 1.54
 315  172 1.17
-183  274 1.47
-532  500 1.59
 345  150 1.62
-559  500 1.62
-542  500 1.66
 451   48 1.75
-205  276 1.50
 372  131 1.48
-530  500 1.75
-530  500 1.35
 168  315 1.53
 138  305 1.30
 147  348 1.30
 147  328 1.56
-522  500 1.44
-526  500 1.32
-538  500 1.32
  26  469 1.34
-559  500 1.48
-547  500 1.19
-522  500 1.23
-524  500 1.05
