   3  134 0.00
  -1  490 0.00
  -5  500 0.00
  -5  500 0.00
  -1  468 0.00
  -1  430 0.00
   0  286 0.00
   0  410 0.00
   0  441 0.00
  -4  500 0.00
  -3  500 0.00
   2  237 0.00
  -1  454 0.00
  -5  500 0.00
   0  264 0.00
   0  371 0.00
  -1  499 0.00
   0  260 0.00
  -1  492 0.00
   4   81 0.00
   2  233 0.00
   2  131 0.00
   2  129 0.00
   3  120 0.00
   2   98 0.00
   2  141 0.00
   3   67 0.00
   2  217 0.00
   4   57 0.00
   1  237 0.00
   1  202 0.00
   2  110 0.00
   0  312 0.00
   2  159 0.00
   4   79 0.00
   4   53 0.00
   3   21 0.00
   2  179 0.00
   3  147 0.00
   1  207 0.00
   2  106 0.00
   3  152 0.00
   4   52 0.00
   3   73 0.00
   4   20 0.00
   3   71 0.00
   4   58 0.00
   3  105 0.00
   2  105 0.00
   3   65 0.00
   3   89 0.00
   3   77 0.00
   4   90 0.00
   4   27 0.00
   2  111 0.00
   3   69 0.00
   2  130 0.00
   3  124 0.00
   3   35 0.00
   3   44 0.00
   4   36 0.00
   3   60 0.00
   4   85 0.00
   4   71 0.00
   4   76 0.00
   4   82 0.00
   4   66 0.00
   3   63 0.00
   3   92 0.00
   3   57 0.00
   3   56 0.00
   3   88 0.00
   3   28 0.00
   3   75 0.00
   3   37 0.00
   4   74 0.00
   4   29 0.00
   4   82 0.00
   4   41 0.00
   4   37 0.00
   3   64 0.00
   4   56 0.00
   2  108 0.00
   3  101 0.00
   3   41 0.00
   4   43 0.00
   4   45 0.00
   3   72 0.00
   4   40 0.00
   3   35 0.00
   3   28 0.00
   3   46 0.00
   4   84 0.00
   3   47 0.00
   4   77 0.00
   3   53 0.00
   2   97 0.00
   2  117 0.00
   2  115 0.00
   3   28 0.00
   3   33 0.00
   3   20 0.00
   3   38 0.00
   4   50 0.00
   4   58 0.00
   4   34 0.00
   4   59 0.00
   4   64 0.00
   3   17 0.00
   4   51 0.00
   4   35 0.00
   4   25 0.00
   4   69 0.00
   4   62 0.00
   4   56 0.00
   4   43 0.00
   3   54 0.00
   3   44 0.00
   3   28 0.00
   3   27 0.00
   4   29 0.00
   4   15 0.00
   3   27 0.00
   4   28 0.00
   3   90 0.00
   4   37 0.00
   2   98 0.00
   4   17 0.00
   4   30 0.00
   3   42 0.00
   4   30 0.00
   4   33 0.00
   3   64 0.00
   2  128 0.00
   3   45 0.00
   3   59 0.00
   3   21 0.00
   3   45 0.00
   3   36 0.00
   3   18 0.00
   3   42 0.00
   3   77 0.00
   3   85 0.00
   3   38 0.00
   3   60 0.00
   4   56 0.00
   3   38 0.00
   4   32 0.00
   3   77 0.00
   4   10 0.00
   3   13 0.00
   2  110 0.00
   3   21 0.00
   3   31 0.00
   3   43 0.00
   3   60 0.00
   4   65 0.00
   2  143 0.00
   4   27 0.00
   3   26 0.00
   3   29 0.00
   4   68 0.00
   2  114 0.00
   3   18 0.00
   4   15 0.00
   3  115 0.00
   3   41 0.00
   4   46 0.00
   3   20 0.00
   3   86 0.00
   3   24 0.00
   3   20 0.00
   3   69 0.00
   4   30 0.00
   4   15 0.00
   4   29 0.00
   4   61 0.00
   3   23 0.00
   3   68 0.00
   2   80 0.00
   4   38 0.00
   3   21 0.00
   3   79 0.00
   4   63 0.00
   4   64 0.00
   4   14 0.00
   4   40 0.00
   4   28 0.00
   4   32 0.00
   4   30 0.00
   3   30 0.00
   2  103 0.00
   4   18 0.00
   4   19 0.00
   4   27 0.00
   4   68 0.00
   3   15 0.00
   4   17 0.00
   2  172 0.00
   3   29 0.00
   3   29 0.00
   3   35 0.00
   3   34 0.00
   4   26 0.00
   2  118 0.00
   4   20 0.00
   3   60 0.00
   3   28 0.00
   4   38 0.00
   3   67 0.00
   3   50 0.00
   3   44 0.00
   3   80 0.00
   3   17 0.00
   3   14 0.00
   3   60 0.00
   3   19 0.00
   4   13 0.00
   3   21 0.00
   3  155 0.00
   4   43 0.00
   4   26 0.00
   3   24 0.00
   4   15 0.00
   4   25 0.00
   3   31 0.00
   3   45 0.00
   3   23 0.00
   3   15 0.00
   3   78 0.00
   3  104 0.00
   3   72 0.00
   3   17 0.00
   3   36 0.00
   4   28 0.00
   3   37 0.00
   4   27 0.00
   4   43 0.00
   3  115 0.00
   2   99 0.00
   0  397 0.00
   4   20 0.00
   4   21 0.00
   3   72 0.00
   3   22 0.00
   3   28 0.00
   2   69 0.00
   3   50 0.00
   4   47 0.00
   3  135 0.00
  -4  500 0.00
   4   35 0.00
   4   60 0.00
   3   33 0.00
   3   28 0.00
   3   58 0.00
   3   28 0.00
   3  163 0.00
   3   46 0.00
   3   24 0.00
   3   29 0.00
   2  139 0.00
   4   23 0.00
   3   33 0.00
   4   26 0.00
   4   96 0.00
   2  229 0.00
   4   19 0.00
   3  142 0.00
   4   36 0.00
   3   17 0.00
   3   34 0.00
   3   29 0.00
   3   60 0.00
   4   72 0.00
   4   25 0.00
   3   76 0.00
   3   35 0.00
   3   89 0.00
   3   34 0.00
   3   33 0.00
   3   15 0.00
   3   57 0.00
   3   16 0.00
   3   29 0.00
   2  134 0.00
   4   27 0.00
   4   53 0.00
   4   28 0.00
   1  179 0.00
   4   68 0.00
   2  140 0.00
   3   63 0.00
   2  273 0.00
   3   35 0.00
   4   12 0.00
   3   44 0.00
   4   18 0.00
   4   15 0.00
   3   87 0.00
   3  188 0.00
   2  118 0.00
   2  115 0.00
   4   24 0.00
   4   23 0.00
   3   18 0.00
   3   61 0.00
   3   83 0.00
   4   25 0.00
   4   12 0.00
   4   23 0.00
   3   18 0.00
   3   34 0.00
   3   14 0.00
   4   18 0.00
   4   64 0.00
   4   31 0.00
   3   17 0.00
   0  310 0.00
   3   20 0.00
   2   67 0.00
   3   20 0.00
   3   27 0.00
   4   14 0.00
   4   16 0.00
   2  120 0.00
   4   51 0.00
   3   58 0.00
   3   33 0.00
   3   36 0.00
   3   22 0.00
   1  151 0.00
   4   21 0.00
   2  188 0.00
   3   93 0.00
   3   15 0.00
   4   61 0.00
   2  237 0.00
   0  466 0.00
   4   18 0.00
   3   75 0.00
   3   28 0.00
   3   47 0.00
   4   20 0.00
   3   14 0.00
   2  101 0.00
   3   32 0.00
   3   64 0.00
   3   16 0.00
   3   27 0.00
   2  115 0.00
   2  217 0.00
   4   13 0.00
   3  125 0.00
   3   79 0.00
   3  130 0.00
   4   35 0.00
   2  102 0.00
   4   38 0.00
   4   54 0.00
   4   13 0.00
   3   57 0.00
   4   23 0.00
   4   36 0.00
   2   88 0.00
   4   16 0.00
   4   11 0.00
   3   91 0.00
   3  132 0.00
   2  115 0.00
   4   24 0.00
   1  286 0.00
   3   84 0.00
   3   41 0.00
   3   58 0.00
   4   22 0.00
   2  132 0.00
   3   36 0.00
   4   66 0.00
   3   29 0.00
   4   40 0.00
   1  201 0.00
   2  193 0.00
   3   37 0.00
   3   29 0.00
   3   94 0.00
   3   20 0.00
   3   85 0.00
  -3  500 0.00
   3   57 0.00
   3   68 0.00
   4   33 0.00
   3   36 0.00
   4   18 0.00
   4   12 0.00
   4   25 0.00
   3   20 0.00
  -3  500 0.00
   4   54 0.00
   3   32 0.00
   3   25 0.00
   0  248 0.00
   4   37 0.00
   4   23 0.00
   4   58 0.00
   3   20 0.00
   4   65 0.00
   4   34 0.00
   4   17 0.00
  -5  500 0.00
   1  189 0.00
   3   40 0.00
   3   27 0.00
   4   34 0.00
   4   36 0.00
   4   20 0.00
   1  200 0.00
   2  110 0.00
   3   49 0.00
   3   21 0.00
  -3  500 0.00
   3   24 0.00
   4   69 0.00
   4   55 0.00
   2   81 0.00
   4   62 0.00
   1  227 0.00
   4   15 0.00
   2   98 0.00
   2  236 0.00
   4   19 0.00
   3   27 0.00
   3   13 0.00
   3  170 0.00
   3   36 0.00
   3   23 0.00
   2  182 0.00
   4   32 0.00
   4   68 0.00
   4   39 0.00
   3   34 0.00
   4   19 0.00
   4   16 0.00
   1  179 0.00
   3   16 0.00
   3   91 0.00
   3  119 0.00
   3   38 0.00
   3   78 0.00
   4   58 0.00
   4   34 0.00
   3   24 0.00
   3   41 0.00
   2  172 0.00
   1  330 0.00
   4   14 0.00
   3   78 0.00
   3  102 0.00
   1  298 0.00
   1  180 0.00
   2  248 0.00
   3   36 0.00
   3   11 0.00
   4   24 0.00
   3   34 0.00
   2  146 0.00
   4   43 0.00
   4   48 0.00
   3   36 0.00
   3   13 0.00
   3   37 0.00
   3   16 0.00
   3   11 0.00
   3   16 0.00
   2  142 0.00
   3   22 0.00
   3   55 0.00
   3   55 0.00
   4   11 0.00
   4   27 0.00
   2  116 0.00
   3   31 0.00
   2  134 0.00
   4   36 0.00
   3   46 0.00
   3    8 0.00
   3   13 0.00
   2  122 0.00
   3   84 0.00
   3   22 0.00
   1  239 0.00
   3   27 0.00
   3   44 0.00
   3   20 0.00
   3   48 0.00
   3   28 0.00
   3   26 0.00
   3   58 0.00
   1  172 0.00
   3  104 0.00
   4   21 0.00
   3  120 0.00
   4   42 0.00
   3   36 0.00
  -3  500 0.00
   3   69 0.00
   1  269 0.00
   0  296 0.00
   3   60 0.00
   3   19 0.00
   4   10 0.00
   3  152 0.00
   4   88 0.00
   3   31 0.00
   2  121 0.00
   3  137 0.00
   2  126 0.00
   4   20 0.00
  -3  500 0.00
   3   13 0.00
   4   21 0.00
  -3  500 0.00
  -4  500 0.00
  -5  500 0.00
   3   46 0.00
   3   22 0.00
   4   92 0.00
   3   12 0.00
   2  119 0.00
   3   83 0.00
   3  151 0.00
   3   22 0.00
   3   97 0.00
   4   57 0.00
   3   89 0.00
   2  145 0.00
   2  125 0.00
   3   90 0.00
   2  254 0.00
   3   12 0.00
   3   74 0.00
   3   30 0.00
   3  146 0.00
   1  206 0.00
   2  168 0.00
   2  121 0.00
   4   46 0.00
   3   18 0.00
   4   23 0.00
   2  151 0.00
   4   33 0.00
   0  476 0.00
  -3  500 0.00
   2  295 0.00
   4   94 0.00
   3   91 0.00
   3    8 0.00
   4   55 0.00
   2  129 0.00
   4   14 0.00
   0  441 0.00
   4   12 0.00
   3   34 0.00
   1  255 0.00
   1  295 0.00
   0  352 0.00
   3  163 0.00
   3   45 0.00
   2  229 0.00
   1  219 0.00
   3  100 0.00
   1  219 0.00
   4   12 0.00
   4    9 0.00
   3   32 0.00
   3   13 0.00
   3   13 0.00
   3   18 0.00
   2  107 0.00
   4   24 0.00
   3  175 0.00
   4   46 0.00
   4   34 0.00
   2  233 0.00
   4   14 0.00
   2  126 0.00
   2  145 0.00
   3   14 0.00
   4   56 0.00
   4   33 0.00
   3   27 0.00
  -1  361 0.00
   0  316 0.00
   0  317 0.00
   2  109 0.00
   3   28 0.00
   4   33 0.00
   2  248 0.00
   1  322 0.00
   2  183 0.00
   0  249 0.00
   3   82 0.00
   3   99 0.00
   2  106 0.00
   3   39 0.00
  -3  500 0.00
   4   51 0.00
   4   12 0.00
  -2  500 0.00
   1  314 0.00
   4   56 0.00
   1  194 0.00
   2  215 0.00
   3   36 0.00
   4   56 0.00
   3   16 0.00
   2  142 0.00
   4   55 0.00
   1  273 0.00
  -7  500 0.00
  -5  500 0.00
   4   92 0.00
   3  195 0.00
  -3  500 0.00
   0  314 0.00
   1  262 0.00
   3  144 0.00
   3   39 0.00
  -3  500 0.00
   0  478 0.00
  -3  500 0.00
   0  476 0.00
   3   13 0.00
  -3  500 0.00
  -3  500 0.00
  -3  500 0.00
   0  439 0.00
   4   14 0.00
   2   96 0.00
  -7  500 0.00
   2   95 0.00
   3   25 0.00
   3  140 0.00
   3   11 0.00
   3   25 0.00
  -3  500 0.00
   2  135 0.00
   4   61 0.00
   2  142 0.00
   4   15 0.00
   2  106 0.00
   2  107 0.00
   1  208 0.00
   4   34 0.00
   3   54 0.00
   2  156 0.00
  -3  500 0.00
   0  343 0.00
   3   22 0.00
  -3  500 0.00
  -7  500 0.00
  -3  500 0.00
  -7  500 0.00
   3   52 0.00
  -3  500 0.00
   2  119 0.00
   2  275 0.00
   3   13 0.00
  -2  500 0.00
   4   92 0.00
   2  120 0.00
  -2  455 0.00
  -2  500 0.00
   3   54 0.00
   4   21 0.00
   2  184 0.00
   1  273 0.00
   1  298 0.00
   2  192 0.00
   3   77 0.00
  -3  500 0.00
   3   93 0.00
   3   15 0.00
  -2  500 0.00
  -8  500 0.00
  -3  500 0.00
   1  248 0.00
  -2  500 0.00
   0  484 0.00
   3   25 0.00
  -2  500 0.00
   4   77 0.00
   2  212 0.00
   1  287 0.00
   2  111 0.00
   3    9 0.00
   3  169 0.00
   1  353 0.00
  -2  500 0.00
   2  283 0.00
   3   14 0.00
  -3  500 0.00
   3   56 0.00
   4    9 0.00
   3   14 0.00
   0  491 0.00
   4   15 0.00
   3   18 0.00
   4   16 0.00
   3   11 0.00
  -2  500 0.00
  -3  500 0.00
  -3  500 0.00
   4   18 0.00
   0  365 0.00
   2  181 0.00
   4   68 0.00
   2  115 0.00
  -3  500 0.00
  -4  414 0.00
   3   11 0.00
   4   25 0.00
   3   39 0.00
   4   37 0.00
   3  181 0.00
   3   16 0.00
  -3  500 0.00
   2  126 0.00
   4   13 0.00
   2  274 0.00
  -2  500 0.00
   4   23 0.00
   4   15 0.00
   0  225 0.00
  -3  500 0.00
   3   19 0.00
   3   27 0.00
   3   16 0.00
   3  114 0.00
  -7  500 0.00
   3   65 0.00
  -4  500 0.00
   4   40 0.00
   3  105 0.00
   4   13 0.00
   2   86 0.00
  -5  500 0.00
   0  419 0.00
   4   12 0.00
  -3  500 0.00
  -7  500 0.00
   3    9 0.00
  -4  500 0.00
   3   21 0.00
   0  464 0.00
   4   11 0.00
   4   97 0.00
   4   46 0.00
   0  306 0.00
   2  284 0.00
   3  145 0.00
   3   33 0.00
   3   15 0.00
   3   14 0.00
   3   11 0.00
   3   20 0.00
   3   25 0.00
   3   11 0.00
   3  150 0.00
   4   11 0.00
   0  339 0.00
   4   96 0.00
   4   12 0.00
   2  149 0.00
   3   10 0.00
   2  117 0.00
   4   16 0.00
   3   16 0.00
   3   12 0.00
  -2  500 0.00
   0  336 0.00
   4   10 0.00
  -5  500 0.00
  -3  500 0.00
  -4  500 0.00
   2  136 0.00
  -4  471 0.00
   1  294 0.00
   4   15 0.00
   3   74 0.00
  -3  500 0.00
   4   53 0.00
  -3  500 0.00
   4   48 0.00
  -3  500 0.00
  -3  500 0.00
   0  342 0.00
   2  162 0.00
   4   19 0.00
   0  359 0.00
  -3  500 0.00
   3   12 0.00
   3  110 0.00
   3   33 0.00
  -2  500 0.00
  -2  500 0.00
   0  161 0.00
   4   75 0.00
  -6  500 0.00
  -9  500 0.00
   3   23 0.00
   4   73 0.00
   0  366 0.00
  -7  500 0.00
  -3  500 0.00
   2  155 0.00
   0  381 0.00
   3   12 0.00
   3   12 0.00
   4   23 0.00
  -2  500 0.00
   4   13 0.00
   3   74 0.00
   3   17 0.00
   2   68 0.00
   3   11 0.00
   1  320 0.00
  -4  500 0.00
   3   20 0.00
   4   12 0.00
   0  313 0.00
   3   81 0.00
   1  337 0.00
   3   46 0.00
  -7  500 0.00
   2   99 0.00
   2  157 0.00
   3   17 0.00
   3  100 0.00
  -5  500 0.00
   3    9 0.00
  -2  500 0.00
  -3  500 0.00
   3   29 0.00
   2  160 0.00
  -5  500 0.00
  -3  500 0.00
   3   44 0.00
   2  157 0.00
   3  196 0.00
   2  142 0.00
  -2  500 0.00
  -5  500 0.00
   3   81 0.00
   3   30 0.00
   4   17 0.00
  -3  500 0.00
   3   39 0.00
   2  245 0.00
  -3  500 0.00
   2  268 0.00
  -4  500 0.00
   0  342 0.00
   2  148 0.00
   2  281 0.00
  -3  500 0.00
   4   22 0.00
   4   27 0.00
  -3  500 0.00
   1  313 0.00
   1  188 0.00
  -2  500 0.00
  -2  500 0.00
  -3  500 0.00
   1  249 0.00
  -2  500 0.00
   4   63 0.00
  -5  500 0.00
  -5  500 0.00
  -3  500 0.00
   3   17 0.00
   2  235 0.00
  -5  500 0.00
   2  117 0.00
  -6  500 0.00
  -3  500 0.00
  -2  500 0.00
   0  326 0.00
  -2  500 0.00
   4   17 0.00
  -3  500 0.00
   4   52 0.00
   0  473 0.00
  -2  500 0.00
  -2  500 0.00
   3   13 0.00
  -4  500 0.00
  -2  500 0.00
  -3  500 0.00
  -5  500 0.00
  -2  500 0.00
  -3  500 0.00
  -3  500 0.00
   4   42 0.00
  -5  500 0.00
   4   12 0.00
   1  371 0.00
  -2  500 0.00
  -5  500 0.00
  -4  500 0.00
  -3  500 0.00
  -7  500 0.00
   3   64 0.00
  -3  500 0.00
   0  441 0.00
   1  215 0.00
   4   48 0.00
  -7  500 0.00
  -8  500 0.00
  -2  500 0.00
   0  345 0.00
  -3  500 0.00
  -3  500 0.00
  -3  500 0.00
   2  110 0.00
   4   18 0.00
  -4  500 0.00
  -9  500 0.00
  -5  500 0.00
   2  237 0.00
  -7  500 0.00
   3   40 0.00
  -4  483 0.00
  -1  479 0.00
  -7  500 0.00
   2  133 0.00
   3   56 0.00
  -5  500 0.00
  -7  500 0.00
   2  174 0.00
  -2  500 0.00
  -7  500 0.00
  -4  500 0.00
   0  377 0.00
   3  170 0.00
  -3  500 0.00
  -3  500 0.00
   2  126 0.00
  -2  500 0.00
  -3  500 0.00
  -5  500 0.00
   0  303 0.00
  -3  500 0.00
  -5  500 0.00
  -5  500 0.00
  -3  500 0.00
  -5  500 0.00
  -5  500 0.00
   3   15 0.00
  -4  500 0.00
   3   17 0.00
  -2  500 0.00
  -5  500 0.00
  -4  500 0.00
   0  253 0.00
  -3  500 0.00
  -4  500 0.00
  -4  500 0.00
   3   53 0.00
  -4  500 0.00
   2   70 0.00
   3   82 0.00
   4   12 0.00
  -2  500 0.00
  -3  500 0.00
  -2  500 0.00
   4   19 0.00
   4   28 0.00
   4   14 0.00
   4   16 0.00
   3   28 0.00
   0  234 0.00
   0  500 0.00
   2  138 0.00
  -7  500 0.00
   2  110 0.00
  -4  500 0.00
   3   77 0.00
  -3  500 0.00
  -2  500 0.00
   4   59 0.00
   3   89 0.00
   3   19 0.00
   0  319 0.00
  -2  500 0.00
   0  439 0.00
   0  230 0.00
   4   68 0.00
   4   12 0.00
   4   22 0.00
